AGID	lab_id	catalog_number	set_id	peptide_target	protein_expression
AGID00100	882	sc-628	Old	1433BETA	0.16871
AGID00111	913	sc-23957	Old	1433EPSILON	-0.10869
AGID00101	883	sc-1019	Old	1433ZETA	0.096509
AGID00001	2	9452	Old	4EBP1	-0.061091
AGID00002	3	9456	Old	4EBP1_pS65	-0.43284
AGID00003	6	9459	Old	4EBP1_pT37T46	-0.5167
AGID00443	8	9455	Old	4EBP1_pT70	-0.28172
AGID00120	985	4937	Old	53BP1	0.27909
AGID00004	13	3661	Old	ACC_pS79	-0.52854
AGID00005	14	1768-1/ab45174	Old	ACC1	-0.48222
AGID00408	2372	3658	Set166	AceCS1	2.155859
AGID00473	1182	5335	Old	ACETYLATUBULINLYS40	0.6553
AGID00404	2367	9189	Set166	ACSL1	-1.135138
AGID02144	2450	PA5-27081	Old	ACVRL1	0.18301
AGID00186	1198	ab88574	Old	ADAR1	-0.18991
AGID00146	1084	4691	Old	AKT	-0.0085469
AGID00028	230	9271	Old	AKT_pS473	-1.1445
AGID00170	1154	2965	Old	AKT_pT308	-0.95328
AGID00316	1800	3063	Set166	Akt2	-0.5403695
AGID00347	2009	8599	Set166	Akt2_pS474	0.03068158
AGID02215	2577	ab195377	Set166	ALKBH5	0.7759353
AGID00498	924	CA1030	Old	ALPHACATENIN	NA
AGID00287	1630	ABC80	Set166	Ambra1_pS52	-0.006193034
AGID00236	1351	ab129081	Set166	AMPK-a2_pS345	0.036439
AGID00006	39	2532	Old	AMPKALPHA	0.19208
AGID00007	40	2535	Old	AMPKALPHA_pT172	0.99036
AGID00193	1208	610066	Old	ANNEXIN1	-0.8045
AGID00166	1142	610668	Old	ANNEXINVII	0.095869
AGID00371	756	1852-1/ab52615	Old	AR	-0.40921
AGID00194	1217	4432	Old	ARAF	0.35177
AGID02191	2507	PA5-39728	Old	ARAF_pS299	0.10497
AGID00260	1053	sc-32761	Old	ARID1A	-0.010226
AGID00264	1560	HPA029318	Old	ASNS	-0.14765
AGID00276	1612	3415	Set166	Atg3	-0.06274687
AGID00309	1775	13507	Set166	Atg4B	-0.2843099
AGID00310	1776	12994	Set166	Atg5	0.8422713
AGID00277	1613	8558	Set166	Atg7	-0.02269149
AGID00242	1363	2873	Old	ATM	0.96395
AGID02142	2447	13050	Set166	ATM_pS1981	9.298099
AGID00217	1289	ab14748	Set166	ATP5A	-0.2233036
AGID02145	2451	PA5-43776	Set166	ATP5H	-0.1819345
AGID02150	2456	13934	Set166	ATR	-0.1794677
AGID00315	1795	ab178407	Set166	ATR_pS428	-0.004474521
AGID00268	1569	ab97508	Set166	ATRX	0.6429806
AGID00391	2332	14475	Set166	Aurora-A	-0.2819748
AGID00392	2333	2914	Set166	Aurora-ABC_pT288_pT232_pT198	-0.186526
AGID02195	2512	MA5-27890	Set166	Aurora-B	-0.4621433
AGID00215	1271	8661	Old	AXL	0.36809
AGID02143	2449	8457	Set166	b-Actin	-0.5729489
AGID00179	1170	9565	Set166	b-Catenin_pT41_S45	-0.6355287
AGID00301	1725	14058	Set166	B7-H3	-0.2427524
AGID00302	1726	14572	Set166	B7-H4	-0.3136922
AGID00008	63	9291	Old	BAD_pS112	-0.27681
AGID00009	71	1542-1/ab32371	Old	BAK	-0.26504
AGID00192	1207	sc-28383	Old	BAP1C4	0.066525
AGID00010	73	2772	Old	BAX	-0.19502
AGID00433	80	M0887	Old	BCL2	-0.41023
AGID00219	1299	PAB8528	Old	BCL2A1	0.13114
AGID00012	84	1018-1	Old	BCLXL	0.96806
AGID00377	87	sc-10086	Old	BECLIN	0.10368
AGID00011	75	9562	Old	BETACATENIN	1.5163
AGID00013	88	1008-1/ab32060	Old	BID	0.10917
AGID00180	90	1036-1/ab32158	Old	BIM	-0.51131
AGID00221	1311	610978	Set166	BiP-GRP78	0.1488446
AGID00373	2194	07-507	Set166	BMK1-Erk5_pT218_Y220	-0.07187344
AGID00355	92	1647/ab33899	Old	BRAF	-0.21969
AGID00014	94	2696	Old	BRAF_pS445	-0.14826
AGID00445	761	9012	Old	BRCA2	0.016972
AGID00266	1567	13440	Old	BRD4	-0.059282
AGID00168	1146	2865	Set166	c-Abl_pY412	-0.1177047
AGID00278	1615	3130	Set166	c-IAP2	0.09693214
AGID00345	1990	5649	Old	CA9	NA
AGID00265	1565	2862	Old	CABL	0.063348
AGID00429	2407	2679	Set166	Calnexin	0.007932895
AGID00176	1165	9496	Set166	Caspase-8-cleaved	-0.2211611
AGID00623	111	9665	Old	CASPASE3	-0.19771
AGID00015	109	9491	Old	CASPASE7CLEAVEDD198	1.1168
AGID00118	951	9746	Old	CASPASE8	-0.063281
AGID00537	935	551246	Old	CASPASE9	NA
AGID00016	114	3238	Old	CAVEOLIN1	-0.50664
AGID00358	2100	ab76000	Set166	CD134	-0.2611567
AGID00303	1737	826701	Set166	CD171	-0.06937098
AGID00410	125	1632-1/ab78237	Old	CD20	-0.18468
AGID00220	1308	ab28340	Old	CD26	-0.01676
AGID00191	1206	610467	Set166	CD29	0.2931574
AGID00017	127	M0823	Old	CD31	-0.002526
AGID00369	2174	ab108403	Set166	CD38	0.2088848
AGID00359	2104	ab133616	Set166	CD4	1.152127
AGID00411	1398	3570	Set166	CD44	0.0930144
AGID00237	1352	M070101-2	Set166	CD45	-0.08294839
AGID00115	937	611016	Old	CD49B	0.4559
AGID02171	2482	91882	Set166	CD86	0.7005558
AGID00329	1873	4688	Set166	cdc25C	0.3123001
AGID00227	1332	4651	Set166	Cdc42	-0.03164556
AGID00422	2396	3387	Set166	Cdc6	-0.1012065
AGID00501	1007	9112	Old	CDK1	-0.051412
AGID00293	1658	ab32384	Set166	CDK1_pT14	-0.3221319
AGID00314	1783	4539	Old	CDK1_pY15	-0.07488
AGID00423	2397	8064	Set166	CDT1	-0.4745365
AGID02101	2348	15102	Set166	cGAS	0.05815887
AGID00447	2410	13460	Set166	CHD1L	0.5101535
AGID00189	1203	2360	Old	CHK1	-0.07416
AGID00234	1348	ab79758	Old	CHK1_pS296	-0.10479
AGID00107	903	2348	Old	CHK1_pS345	-0.029821
AGID00018	146	3440	Old	CHK2	0.49382
AGID00019	147	2197	Old	CHK2_pT68	-0.033609
AGID00527	2078	4952	Old	CIAP	0.090074
AGID00350	2018	3793	Set166	CIITA	-0.2320992
AGID00434	155	9164	Old	CJUN_pS73	0.10719
AGID00020	157	1522-1/ab32363	Old	CKIT	0.54656
AGID00400	852	NB100-91714	Old	CLAUDIN7	2.1119
AGID00466	726	3127	Old	CMET	0.029643
AGID00079	727	3129	Old	CMET_pY1235	-0.10573
AGID00167	161	9402	Old	CMYC	0.50044
AGID00292	1656	11130-1-AP	Old	COG3	0.30411
AGID00021	171	sc-20649	Old	COLLAGENVI	-0.28453
AGID00141	1069	459230	Old	COMPLEXIISUBUNIT30	NA
AGID00267	1568	3512	Set166	Connexin-43	-1.881752
AGID00269	1571	6434	Set166	Coup-TFII	-0.1371899
AGID00150	1116	4850	Set166	Cox-IV	1.635732
AGID00195	1218	4842	Set166	Cox2	0.2702693
AGID00188	803	05-739	Old	CRAF	-0.12664
AGID00022	179	9427	Old	CRAF_pS338	-0.21778
AGID00023	181	9197	Set166	Creb	-0.5200064
AGID00393	2334	9198	Set166	CREB_pS133	-0.1201529
AGID00365	2155	4980	Set166	CSK	-0.01520943
AGID00367	2160	9201	Set166	CtIP	-0.3247831
AGID00536	2096	ab107198	Old	CTLA4	NA
AGID00025	198	2936	Set166	Cyclin-D3	-0.1031523
AGID00024	192	1495-1/ab32053	Old	CYCLINB1	-0.51638
AGID00382	194	sc-718	Old	CYCLIND1	-0.4415
AGID00437	199	sc-25303	Old	CYCLINE1	-0.8211
AGID00449	202	1142-1	Old	CYCLINE2	-0.28845
AGID00209	1257	ab110324	Set166	Cyclophilin-F	0.4645352
AGID00247	1379	ab48389	Set166	D-a-Tubulin	0.7218125
AGID00308	1770	GTX10524	Set166	DAPK1_pS308	0.04676817
AGID00304	1744	ab51601	Set166	DAPK2	-0.02366815
AGID00343	1980	6998	Set166	DDB-1	-0.09491343
AGID00427	2402	5583	Set166	DDR1	0.3211734
AGID00428	2403	SAB4504671	Set166	DDR1_pY513	0.1825415
AGID00532	1273	Bast Lab	Old	DIRAS3	0.38305
AGID00104	891	ab76008	Old	DJ1	-0.87731
AGID02146	2452	4658	Set166	DM-Histone-H3	-0.3019735
AGID00386	1397	ab32521	Set166	DM-K9-Histone-H3	-0.4415569
AGID00352	2030	14649	Set166	DNA-Ligase-IV	-0.2548089
AGID00407	2371	13609	Set166	DNA_POLG	0.2814465
AGID00399	2344	5032	Set166	DNMT1	-0.1127498
AGID00409	2373	5391	Set166	DRP1	0.4396516
AGID00253	1406	5149	Old	DUSP4	-0.081716
AGID00334	1936	ab76310	Set166	DUSP6	0.3420399
AGID00116	940	3218	Old	DVL3	-0.26562
AGID00211	1261	sc-251	Old	E2F1	NA
AGID00148	1099	3195	Old	ECADHERIN	1.1492
AGID00135	1060	2332	Old	EEF2	0.12698
AGID00136	1061	3692	Old	EEF2K	-0.087663
AGID00152	1120	2232	Old	EGFR	0.47656
AGID00450	217	2234	Old	EGFR_pY1068	0.32182
AGID00026	221	1124-1/ab32578	Old	EGFR_pY1173	-0.02449
AGID00078	722	9742	Old	EIF4E	0.22665
AGID00328	1871	ab76256	Set166	eIF4E_pS209	0.09535878
AGID00154	1124	2498	Old	EIF4G	-0.30897
AGID00027	228	9181	Set166	Elk1_pS383	-0.2662203
AGID00235	1350	M061329-2	Set166	EMA	0.4348181
AGID00394	2337	3810	Set166	Enolase-1	-0.6145027
AGID00395	2338	8171	Set166	Enolase-2	-0.5888464
AGID00196	1219	GTX629542	Old	ENY2	-0.03712
AGID00438	1849	A302-024A	Set166	EphA2	0.05145698
AGID00552	2422	6347	Set166	EphA2_pS897	-0.0271209
AGID00553	2423	12677	Set166	EphA2_pY588	-0.04177447
AGID00075	693	556347	Old	EPPK1	2.1363
AGID00335	238	RM-9101	Old	ERALPHA	-1.8169
AGID00029	241	1091-1/ab32396	Old	ERALPHA_pS118	-0.56026
AGID00240	247	MS-671	Old	ERCC1	-0.26011
AGID00239	1355	11331-1-AP	Old	ERCC5	-0.021583
AGID00484	249	sc-154	Old	ERK2	-0.1714
AGID00372	2193	3552	Set166	Erk5	-0.2957361
AGID00405	2369	13826	Set166	ERRalpha	0.4665281
AGID00187	1200	A303-501A	Old	ETS1	-0.077373
AGID00511	2492	2593	Set166	EVI1	1.462013
AGID00485	1284	4905	Old	EZH2	NA
AGID00030	252	1700-1/ab40794	Set166	FAK	-0.5338005
AGID02151	2457	8556	Set166	FAK_pY397	0.3672506
AGID00171	1156	3180	Old	FASN	-0.94284
AGID00356	2085	500-P18/10775-082	Set166	FGF-basic	-0.02592719
AGID00031	262	1574-1/ab45688	Old	FIBRONECTIN	-0.51495
AGID00339	1959	4403	Set166	FN14	1.939267
AGID02152	2458	20459	Old	FOXM1	-0.13564
AGID00378	269	9467	Old	FOXO3A	0.027654
AGID02197	2515	orb6051	Old	FOXO3A_pS318S321	-0.043787
AGID02167	2475	PA5-64616	Set166	FRS2-alpha_pY196	-0.02075661
AGID02213	2575	ab124892	Set166	FTO	0.1617623
AGID02141	2446	12263	Old	G6PD	-0.057135
AGID00117	943	3239	Old	GAB2	0.10931
AGID00412	274	AM4300	Old	GAPDH	-0.52384
AGID00086	764	558686	Old	GATA3	-0.41172
AGID00383	1578	4253	Old	GATA6	0.40091
AGID00289	1634	12601-1-AP	Set166	GCLC	0.06478386
AGID00305	1745	ab124827	Set166	GCLM	-0.1153828
AGID00212	1263	3305	Old	GCN5L2	0.57376
AGID00270	1579	3538	Set166	Gli1	0.4002921
AGID00263	1520	ab69838	Set166	Gli3	-0.3281361
AGID00548	2530	3660	Set166	Glucocorticoid-Receptor	-0.5382205
AGID00387	1617	12793	Set166	Glutamate-D1-2	0.2401255
AGID00262	1491	ab156876	Set166	Glutaminase	0.06145359
AGID00319	1807	4275	Set166	Granzyme-B	0.04294758
AGID00368	2169	ab183737	Set166	GRB7	-0.05981001
AGID00396	2339	3593	Set166	Grp75	0.2287771
AGID00174	1163	9315	Set166	GSK-3B	-0.2384214
AGID00502	1082	9336	Old	GSK3_pS9	-0.85958
AGID00033	284	sc-7291	Old	GSK3ALPHABETA	-0.42503
AGID00034	285	9331	Old	GSK3ALPHABETA_pS21S9	-0.94558
AGID00129	1035	3886	Old	GYS	NA
AGID00130	1036	3891	Old	GYS_pS641	NA
AGID01354	1342	9718	Set166	H2AX_pS139	-0.05502419
AGID00363	1409	MA1-2022	Set166	H2AX_pS140	-0.0829902
AGID00131	1038	MS-325-P1	Old	HER2	0.3027
AGID00142	299	06-229	Old	HER2_pY1248	0.26923
AGID00110	911	sc-285	Old	HER3	0.53466
AGID00080	728	4791	Old	HER3_pY1289	-0.085173
AGID00103	890	2573	Old	HEREGULIN	0.018422
AGID00271	1582	11988	Set166	HES1	0.2359398
AGID00397	2340	2024	Set166	Hexokinase-I	-0.07490739
AGID00442	1023	2867	Set166	Hexokinase-II	2.183862
AGID00419	1402	610958	Old	HIF1ALPHA	NA
AGID00205	1250	ab1791	Set166	Histone-H3	-0.3779951
AGID00398	2341	3377	Set166	Histone-H3_pS10	-0.5296737
AGID00332	1901	ab128959	Set166	HLA-DQA1	NA
AGID00333	1902	14832-1-AP	Set166	HMHA1	0.1344453
AGID00035	321	2402	Set166	HSP27	-0.1689905
AGID00036	323	2401	Set166	HSP27_pS82	-0.6612021
AGID00320	1808	12165	Set166	HSP60	0.3257016
AGID00037	325	4872	Old	HSP70	-0.7124
AGID00366	2158	86630	Set166	IDO	1.382657
AGID00197	1221	3024	Old	IGF1R_pY1135Y1136	0.022338
AGID00038	335	3922	Old	IGFBP2	2.3917
AGID00090	793	611504	Set166	IGFBP3	0.6806327
AGID00039	336	3027	Set166	IGFRb	-0.3373795
AGID00336	1949	12153	Set166	IL-6	0.02202127
AGID02221	2583	57145	Set166	IMP3	0.02007209
AGID02153	2459	14543	Old	INPP4B	1.1914
AGID00272	1586	3025	Set166	IR-b	1.760914
AGID00519	2519	4302	Set166	IRF-3	0.3932053
AGID00520	2520	4947	Set166	IRF-3_pS396	0.07904056
AGID00223	1316	sc-497	Old	IRF1	0.16589
AGID00092	802	06-248	Old	IRS1	0.16948
AGID00040	371	4502	Set166	IRS2	0.2358831
AGID00250	1394	sc-13157	Old	JAB1	0.35532
AGID00256	1413	ab109536	Set166	Jagged1	-0.1460185
AGID00177	1166	3230	Old	JAK2	0.077598
AGID00758	377	4671	Old	JNK_pT183Y185	0.041745
AGID02136	2439	PA5-28262	Old	JNK2	0.54175
AGID00307	1757	ab10484	Set166	KAP1	0.1470194
AGID00528	904	2180	Old	KU80	0.32801
AGID00375	2237	HPA028732	Set166	LAD1	0.5674474
AGID00290	1643	IHC-00439	Set166	Lasu1	-0.2026982
AGID00279	1618	4108	Set166	LC3A-B	-0.3463047
AGID00042	397	2752	Old	LCK	0.55217
AGID00119	976	3582	Old	LDHA	NA
AGID00533	977	ab85319	Old	LDHB	NA
AGID00529	1477	3050	Old	LKB1	0.11782
AGID00244	1367	2568	Set166	LRP6_pS1490	0.1153782
AGID00439	2424	2796	Set166	Lyn	0.8312349
AGID02154	2460	4370	Old	MAPK_pT202Y204	0.085642
AGID00198	1222	5453	Set166	Mcl-1	-0.1077618
AGID00288	1633	AB3314P	Set166	MCT4	0.5609798
AGID00175	1164	3521	Set166	MDM2_pS166	-0.04911208
AGID00044	417	1235-1/ab32576	Old	MEK1	0.37866
AGID00143	1076	9154	Old	MEK1_pS217S221	0.11042
AGID00201	1243	9125	Set166	MEK2	0.09145743
AGID00361	2118	ab51061	Set166	MelanA	-0.2406689
AGID00362	2119	ab137078	Set166	Melanoma-gp100	-0.005113442
AGID00337	1951	12711	Set166	MERIT40	0.7877786
AGID00338	1952	12110	Set166	MERIT40_pS29	-0.02530957
AGID02212	2574	ab195352	Set166	METTL3	0.2750638
AGID00225	1323	sc-20121	Set166	MIF	-0.1218509
AGID00137	1062	WH0054206M1	Old	MIG6	-0.23487
AGID00403	2117	ab20663	Set166	MITF	-0.4363583
AGID00503	1067	ab3298	Old	MITOCHONDRIA	NA
AGID00321	1809	14739	Set166	Mitofusin-1	-0.01597255
AGID00322	1810	11925	Set166	Mitofusin-2	-0.00933738
AGID00389	2324	3515	Set166	MLH1	0.6223711
AGID00312	1780	14993	Set166	MLKL	0.9989538
AGID00402	2359	MAB3328	Set166	MMP14	-0.03395137
AGID00045	435	4022	Set166	MMP2	-0.03546409
AGID00122	1005	2195	Set166	Mnk1	-0.01453827
AGID00331	1899	sc-377312	Set166	MR1	-0.128192
AGID00273	1589	ab103319	Set166	MRAP	0.287608
AGID00530	440	4847	Old	MRE11	-0.042873
AGID00390	905	2850	Old	MSH2	-0.044297
AGID00138	1063	22030002	Old	MSH6	-0.031746
AGID00299	1675	ab76148	Set166	MSI2	0.3547171
AGID00232	1344	ab14705	Set166	MTCO1	3.244008
AGID00046	444	2983	Old	MTOR	-0.19284
AGID00047	446	2971	Old	MTOR_pS2448	-0.075628
AGID00204	1247	H00009788-M01A	Set166	MTSS1	0.1790573
AGID00401	1139	21370002	Old	MYH11	2.2441
AGID00291	1647	3403	Old	MYOSINIIA	-0.98536
AGID00173	1160	5026	Old	MYOSINIIA_pS1943	-1.0928
AGID00318	1803	4282	Set166	Myt1	-0.1694198
AGID00216	1274	5795-1/ab129189	Old	NAPSINA	NA
AGID00418	452	4061	Old	NCADHERIN	-0.3104
AGID00156	1126	3217	Old	NDRG1_pT346	-0.61281
AGID02133	2436	PA5-45913	Set166	NDUFB4	-0.1516247
AGID00134	1046	22710002	Old	NF2	-0.17927
AGID00048	457	3033	Old	NFKBP65_pS536	0.17937
AGID02155	2461	3608	Old	NOTCH1	-0.11794
AGID00340	1969	4147	Set166	Notch1-cleaved	0.02462569
AGID00087	767	sc-5593	Set166	Notch3	-0.1443981
AGID00258	1420	3187	Set166	NQO1	0.5759957
AGID00162	1136	sc-31	Old	NRAS	-0.0022431
AGID00257	1419	12721	Old	NRF2	NA
AGID00297	1669	2750	Set166	Oct-4	1.925677
AGID00420	466	1712-1/ab40803	Old	P16INK4A	-0.29628
AGID00384	470	sc-6246	Old	P21	-0.31717
AGID00105	897	1591-1/ab32034	Old	P27	-0.070046
AGID00096	842	AF1555	Old	P27_pT157	0.03864
AGID00099	878	ab64949	Old	P27_pT198	0.076779
AGID00181	1175	9228	Set166	p38-a	-0.1538607
AGID00098	479	9211	Old	P38_pT180Y182	-0.096782
AGID00049	478	9212	Old	P38MAPK	-0.052432
AGID00151	1119	4695	Set166	p44-42-MAPK	0.3621714
AGID00050	481	9282	Old	P53	0.15971
AGID00490	1187	610833	Old	P62LCKLIGAND	-0.52766
AGID00545	1415	ab53039	Old	P63	NA
AGID00052	494	9205	Old	P70S6K_pT389	-0.016032
AGID00051	493	1494-1/ab32529	Old	P70S6K1	0.11239
AGID00085	759	9347	Old	P90RSK	0.33946
AGID00531	770	9344	Old	P90RSK_pT359S363	-0.0012521
AGID00182	1178	9346	Set166	p90RSK_pT573	-0.3077248
AGID00053	499	612024	Old	PAI1	-0.54313
AGID00224	1322	HPA035895	Set166	PAICS	0.1142986
AGID00323	1811	2602	Set166	PAK1	1.188755
AGID02199	2517	PA5-69540	Set166	PAK4	0.7838146
AGID00245	1370	4336-BPC-100	Set166	PAR	-1.284384
AGID00374	2209	66564	Set166	PARG	0.07435796
AGID00370	1372	sc-7150	Old	PARP1	NA
AGID00468	501	9546	Old	PARPCLEAVED	-0.093188
AGID00274	1591	ab53715	Set166	Patched	0.029382
AGID00513	2486	60433	Set166	PAX6	0.2009548
AGID00441	1621	9857	Set166	PAX8	-0.3456904
AGID00054	504	2542	Old	PAXILLIN	-0.81118
AGID00055	509	2130	Old	PCADHERIN	-0.1208
AGID00248	511	ab29	Old	PCNA	-0.022161
AGID00413	2095	43248	Old	PDCD1	NA
AGID00094	816	600-401-965	Old	PDCD4	0.67658
AGID00385	1225	3169	Set166	PDGFRB	-0.3498503
AGID00210	1258	ab110332	Set166	PDH	0.04269454
AGID00324	1817	3205	Set166	PDHA1	0.009400255
AGID00280	1622	3820	Set166	PDHK1	-0.05951893
AGID00056	515	3062	Old	PDK1	0.1102
AGID00057	516	3061	Old	PDK1_pS241	0.087466
AGID00300	1234	sc-19090	Old	PDL1	0.18339
AGID00124	1017	2780	Old	PEA15	-0.51408
AGID00125	1018	44-836G	Old	PEA15_pS116	-0.71646
AGID00440	2429	3192	Set166	PERK	0.02740666
AGID02207	2569	ab192876	Set166	PGM1	0.12437
AGID00281	1623	13428	Set166	PHGDH	-0.3467029
AGID00425	2399	22789-1-AP	Set166	PHLPP	-0.3440126
AGID00226	1330	sc-376412	Set166	PI3K-p110-b	0.0908797
AGID00093	808	4255	Old	PI3KP110ALPHA	-0.029626
AGID00058	523	06-195	Old	PI3KP85	0.024756
AGID00296	1667	5675	Set166	PKA-a	-0.4893903
AGID00259	1426	9375	Set166	PKC-a-b-II_pT638_T641	0.4016822
AGID00172	529	05-154	Old	PKCALPHA	0.63034
AGID00460	530	06-822	Old	PKCALPHA_pS657	0.71188
AGID00114	932	07-875	Old	PKCDELTA_pS664	0.059775
AGID00163	1137	9371	Old	PKCPANBETAII_pS660	0.10867
AGID00126	1025	4053	Old	PKM2	NA
AGID00512	2489	5690	Set166	PLC-gamma1	-0.4900865
AGID02138	2441	GTX133463	Set166	PLC-gamma2_pY759	0.7183182
AGID00084	754	4513	Set166	PLK1	0.1203829
AGID00203	1246	22510002	Set166	PMS2	-0.2521371
AGID00207	1254	ab14734	Set166	Porin	0.2366
AGID00381	549	1483-1/ab32085	Old	PR	-0.24248
AGID00081	738	AHO1031	Set166	PRAS40	0.004994598
AGID00082	739	44-1100G	Old	PRAS40_pT246	-0.4557
AGID00424	2398	OAAF05458	Set166	PRC1_pT481	-0.09086918
AGID00492	1205	HPA007730	Old	PRDX1	-0.058153
AGID00190	1204	ab102739	Old	PREX1	-0.37614
AGID00061	566	9552	Old	PTEN	0.095211
AGID00364	2154	ab76942	Set166	PTPN12	-0.3793398
AGID00218	1290	4976	Set166	Puma	-0.1233449
AGID00200	1242	SAB2900066	Old	PYGB	NA
AGID00535	1494	ab61013	Old	PYGL	NA
AGID00202	1245	H00005837-M10	Old	PYGM	NA
AGID00275	1607	3291	Set166	Pyk2_pY402	0.3994744
AGID00145	1083	3539	Old	RAB11	0.00051494
AGID00169	1150	4314	Old	RAB25	0.85889
AGID00342	1979	24555	Set166	Rad23A	0.358512
AGID00261	987	05-525	Old	RAD50	0.1066
AGID00360	579	NA71	Old	RAD51	-0.098826
AGID00158	1128	2280	Old	RAPTOR	-0.063272
AGID00059	552	9309	Old	RB	0.12933
AGID00060	557	9308	Old	RB_pS807S811	-0.65583
AGID00164	1138	21390002	Old	RBM15	0.015896
AGID00547	735	3221	Old	RET_pY905	NA
AGID00097	847	MAB3426	Set166	Rheb	-0.1903633
AGID00159	1129	2114	Old	RICTOR	0.26689
AGID00160	1130	3806	Old	RICTOR_pT1135	-0.11257
AGID00282	1624	4926	Set166	RIP	0.01306205
AGID00283	1625	13526	Set166	RIP3	-0.04226209
AGID00416	1368	2208	Set166	RPA32	0.005592892
AGID00246	1375	A300-245A	Set166	RPA32_pS4_S8	-0.1831199
AGID00341	1978	3388	Set166	RRM1	-0.04500017
AGID00344	1981	PA5-27856	Set166	RRM2	-0.1250064
AGID00554	2425	8408	Set166	RSK1	0.4906582
AGID00353	2031	13018	Set166	S100A4	-0.4552801
AGID00330	1874	2317	Old	S6	-0.14143
AGID00062	600	2211	Old	S6_pS235S236	-0.84309
AGID00063	601	2215	Old	S6_pS240S244	-0.94647
AGID00157	1127	sc-58420	Old	SCD1	0.012907
AGID00230	1339	11998	Set166	SDHA	0.1966228
AGID00294	1039	ab69836	Old	SETD2	0.29592
AGID00161	1131	32-4500	Old	SF2	-0.078663
AGID02179	2495	3534	Set166	SFRP1	-0.2268416
AGID00431	2411	12103	Set166	SGK1	-0.1284748
AGID00430	2409	8156	Set166	SGK3	-0.0299725
AGID02168	2476	bs-3413R	Old	SHC_pY317	0.18096
AGID00376	2241	3397	Set166	SHP2	-0.4788577
AGID00183	1180	3751	Old	SHP2_pY542	0.37379
AGID02208	2570	ab8120	Set166	SIRP-alpha	-0.1531417
AGID00222	1133	sc-99002	Old	SLC1A5	0.26376
AGID00255	1411	sc-136891	Set166	Slfn11	-0.2407307
AGID00064	610	2954	Old	SMAC	0.19934
AGID00113	922	1649-1/ab33902	Old	SMAD1	0.3645
AGID00091	796	1735-1/ab40854	Old	SMAD3	0.021469
AGID02160	2467	46535	Old	SMAD4	-0.23433
AGID00065	616	3895	Old	SNAIL	-0.17632
AGID00325	1818	4266	Set166	SOD1	-0.1319795
AGID00380	1328	13141	Set166	SOD2	0.2784763
AGID00298	1670	2748	Set166	Sox2	-0.2245878
AGID00066	621	05-184	Old	SRC	0.5234
AGID02157	2463	6943	Old	SRC_pY416	1.0452
AGID00068	626	2105	Old	SRC_pY527	0.36691
AGID00185	1197	4904	Set166	Stat3	0.3693816
AGID00388	637	9131	Old	STAT3_pY705	0.31941
AGID00069	638	1289-1/ab32043	Old	STAT5ALPHA	0.3701
AGID00077	718	1972-1/ab52630	Old	STATHMIN	-0.1336
AGID00357	2099	13647	Set166	STING	1.427752
AGID00128	1033	sc-1240	Old	SYK	0.77032
AGID00070	646	05-348	Set166	Tau	-0.6645467
AGID00327	777	2149	Old	TAZ	-0.26817
AGID00228	1333	7495	Set166	TFAM	0.8430438
AGID00165	1140	22500002	Old	TFRC	-0.31965
AGID00149	1107	S1711/ab137573	Old	TIGAR	0.91388
AGID00109	908	MS-224-P1	Old	TRANSGLUTAMINASE	-0.38858
AGID00406	2370	612344	Set166	TRAP1	0.6554116
AGID00559	2537	PA5-34561	Set166	TRIM24	0.02388604
AGID00306	1756	ab167154	Set166	TRIM25	1.22157
AGID00426	2400	PA5-52193	Set166	TRIP13	-0.6503286
AGID00155	1125	4906	Old	TSC1	0.53172
AGID00144	1081	2044-1/ab76013	Old	TTF1	NA
AGID00071	670	1613-1/ab32554	Old	TUBERIN	0.17818
AGID02194	2511	ab109403	Old	TUBERIN_pT1462	-0.24245
AGID00417	1842	ab173300	Set166	TUFM	0.1089399
AGID00238	1353	sc-81417	Set166	Twist	0.0383878
AGID00436	1080	5585	Set166	Tyro3	-0.3022269
AGID00295	1662	5546	Set166	U-Histone-H2B	-0.7998306
AGID00214	1270	HPA005651	Set166	UBAC1	-0.1975306
AGID00351	2020	sc-136145	Set166	UBQLN4	-0.005289548
AGID00213	1267	sc-271268	Set166	UGT1A	0.7059095
AGID00284	1626	6888	Set166	ULK1_pS757	-0.1263774
AGID00208	1256	MS304/ab14745	Set166	UQCRC2	0.1285683
AGID00313	1781	13115	Set166	UVRAG	-0.1858788
AGID00073	678	3112	Set166	VASP	1.178021
AGID00184	1181	2502	Set166	VAV1	0.09784968
AGID00074	688	2479	Old	VEGFR2	0.049731
AGID00421	2394	68547	Set166	VHL	-0.438936
AGID00231	1343	SAB4200080	Set166	Vinculin	1.298742
AGID00317	1802	4936	Set166	Wee1	0.3525273
AGID00354	2058	4910	Set166	Wee1_pS642	-0.02585535
AGID00285	1627	12124	Set166	WIPI1	0.4077958
AGID00286	1628	8567	Set166	WIPI2	-0.001510917
AGID02214	2576	ab195380	Set166	WTAP	1.146705
AGID00133	1044	sc-32136	Old	XBP1	0.46573
AGID00076	699	2042	Set166	XIAP	0.1754672
AGID00241	1359	sc-56813	Set166	XPA	-0.4130771
AGID00349	1354	ab3299	Set166	XPF	-0.2144755
AGID02137	2440	PA5-29359	Old	XRCC1	-0.11116
AGID00088	780	sc-15407	Old	YAP	-0.1127
AGID00089	782	4911	Old	YAP_pS127	-0.21646
AGID00504	700	17250002	Old	YB1	0.04085
AGID00095	835	2900	Old	YB1_pS102	-0.19359
AGID02217	2579	ab220163	Set166	YTHDF2	0.7113249
AGID02210	2572	ab220161	Set166	YTHDF3	0.4471195
AGID00326	1828	2705	Set166	ZAP-70	-0.3437475
AGID00432	2244	sc-25388	Set166	ZEB1	-0.3391462
